{
  "test_metrics": {
    "NR-AR": {
      "metric": 0.6880293619424054,
      "name": "AUC"
    },
    "SR-ATAD5": {
      "metric": 0.9122257053291536,
      "name": "AUC"
    },
    "NR-ER-LBD": {
      "metric": 0.8455197132616488,
      "name": "AUC"
    },
    "SR-p53": {
      "metric": 0.8618201020947016,
      "name": "AUC"
    },
    "NR-AR-LBD": {
      "metric": 0.593010752688172,
      "name": "AUC"
    },
    "SR-HSE": {
      "metric": 0.863481228668942,
      "name": "AUC"
    },
    "NR-AhR": {
      "metric": 0.8844124700239808,
      "name": "AUC"
    },
    "NR-PPAR-gamma": {
      "metric": 0.8596296296296295,
      "name": "AUC"
    },
    "ADME_Solubility": {
      "metric": 0.5228415880044243,
      "name": "RMSE"
    },
    "MN_ESOL": {
      "metric": 0.47065916497304383,
      "name": "RMSE"
    },
    "ADME_Bioavailability": {
      "metric": 0.759090909090909,
      "name": "AUC"
    },
    "ADME_Lipophilicity": {
      "metric": 0.6453680775108697,
      "name": "RMSE"
    },
    "MN_Lipophilicity_MN": {
      "metric": 0.6664984332407455,
      "name": "RMSE"
    },
    "MN_FreeSolv": {
      "metric": 0.6434899981035574,
      "name": "RMSE"
    },
    "ADME_CYP2D6_Inhibitor": {
      "metric": 0.9507575757575757,
      "name": "AUC"
    },
    "ADME_CYP2C9_Inhibitor": {
      "metric": 0.7741935483870968,
      "name": "AUC"
    }
  },
  "tasks": [
    "NR-AR",
    "SR-ATAD5",
    "NR-ER-LBD",
    "SR-p53",
    "NR-AR-LBD",
    "SR-HSE",
    "NR-AhR",
    "NR-PPAR-gamma",
    "ADME_Solubility",
    "MN_ESOL",
    "ADME_Bioavailability",
    "ADME_Lipophilicity",
    "MN_Lipophilicity_MN",
    "MN_FreeSolv",
    "ADME_CYP2D6_Inhibitor",
    "ADME_CYP2C9_Inhibitor"
  ],
  "tox_tasks": [
    "NR-AR",
    "SR-ATAD5",
    "NR-ER-LBD",
    "SR-p53",
    "NR-AR-LBD",
    "SR-HSE",
    "NR-AhR",
    "NR-PPAR-gamma"
  ],
  "adme_tasks": [
    "ADME_Solubility",
    "MN_ESOL",
    "ADME_Bioavailability",
    "ADME_Lipophilicity",
    "MN_Lipophilicity_MN",
    "MN_FreeSolv",
    "ADME_CYP2D6_Inhibitor",
    "ADME_CYP2C9_Inhibitor"
  ],
  "task_types": {
    "NR-AR": "classification",
    "SR-ATAD5": "classification",
    "NR-ER-LBD": "classification",
    "SR-p53": "classification",
    "NR-AR-LBD": "classification",
    "SR-HSE": "classification",
    "NR-AhR": "classification",
    "NR-PPAR-gamma": "classification",
    "ADME_Solubility": "regression",
    "MN_ESOL": "regression",
    "ADME_Bioavailability": "classification",
    "ADME_Lipophilicity": "regression",
    "MN_Lipophilicity_MN": "regression",
    "MN_FreeSolv": "regression",
    "ADME_CYP2D6_Inhibitor": "classification",
    "ADME_CYP2C9_Inhibitor": "classification"
  },
  "gradient_matrix": [
    [
      1.0,
      0.02329070904136946,
      0.03475149930584141,
      0.019000738659977087,
      0.21472559722864792,
      0.0068683661585156285,
      0.01974622073272864,
      0.00903320560820349,
      -0.010698458848572854,
      0.006480598074348462,
      0.0016869252932439041,
      0.020508300666470962,
      0.01712595658738994,
      0.002501178327171753,
      -0.0027629452358168137,
      -0.003196603650091371
    ],
    [
      0.02329070904136946,
      1.0,
      0.07783793006351011,
      0.11263503930337417,
      0.05030125952584462,
      0.04370495893138771,
      0.05931629413066225,
      0.044829372712410984,
      0.007956519693834707,
      -0.006531527137526104,
      -0.005901079876477726,
      0.012078844312216258,
      0.019023076069748235,
      0.001080442126840353,
      0.012084717394059731,
      0.013596421156156188
    ],
    [
      0.03475149930584141,
      0.07783793006351011,
      1.0,
      0.08476909183243858,
      0.06833113136235625,
      0.040132314070231385,
      0.020133186301811493,
      0.0330575712542567,
      0.013728284113393682,
      0.03546467268218597,
      -4.827633189658324e-05,
      0.03009155655874767,
      0.037709645984351586,
      -0.0029667054096029865,
      -0.004222954846288,
      -0.0003996828596832024
    ],
    [
      0.019000738659977087,
      0.11263503930337417,
      0.08476909183243858,
      1.0,
      0.08961242750455212,
      0.11830509511314126,
      0.03791321413462154,
      0.09432634730280066,
      0.001137328598027428,
      0.0237025806421621,
      0.015418637331297051,
      0.025112507060273653,
      0.025212126140670282,
      0.009148329084402778,
      0.008311346143535856,
      0.011227655787822893
    ],
    [
      0.21472559722864792,
      0.05030125952584462,
      0.06833113136235625,
      0.08961242750455212,
      1.0,
      0.01689117457264931,
      0.0015822947963089165,
      0.062144417800785355,
      0.012838572232673566,
      0.005092599479636798,
      0.012787107219143461,
      0.005707544080602626,
      0.016569066278336524,
      0.0019347367743547592,
      0.002314123045329729,
      -0.007020165525480277
    ],
    [
      0.0068683661585156285,
      0.04370495893138771,
      0.040132314070231385,
      0.11830509511314126,
      0.01689117457264931,
      1.0,
      0.029469282238601915,
      0.0824733756430861,
      0.021463655698527064,
      0.002787455289378866,
      0.004538881761901495,
      0.007018465555544632,
      0.0017769269399448401,
      0.014413880277748427,
      -0.0012373615651287966,
      0.006277707935724821
    ],
    [
      0.01974622073272864,
      0.05931629413066225,
      0.020133186301811493,
      0.03791321413462154,
      0.0015822947963089165,
      0.029469282238601915,
      1.0,
      0.020013088101728096,
      0.018743764826407036,
      0.009536283284736177,
      -0.0007862921267385698,
      0.008086754897764574,
      0.004926031798176054,
      0.0013492442030433771,
      0.006908104414792939,
      0.023696980688449307
    ],
    [
      0.00903320560820349,
      0.044829372712410984,
      0.0330575712542567,
      0.09432634730280066,
      0.062144417800785355,
      0.0824733756430861,
      0.020013088101728096,
      1.0,
      0.007006411551911798,
      -0.003319352794409901,
      0.002523367454543606,
      0.016074325615934665,
      0.012018896739755291,
      0.004148502517232878,
      0.002282554120756686,
      0.00946677966405534
    ],
    [
      -0.010698458848572854,
      0.007956519693834707,
      0.013728284113393682,
      0.001137328598027428,
      0.012838572232673566,
      0.021463655698527064,
      0.018743764826407036,
      0.007006411551911798,
      1.0,
      0.2446952471949367,
      0.006425898075313954,
      0.016894513804517272,
      0.012819207289188247,
      0.05440292293464558,
      0.00048552027741000835,
      0.01270818745130479
    ],
    [
      0.006480598074348462,
      -0.006531527137526104,
      0.03546467268218597,
      0.0237025806421621,
      0.005092599479636798,
      0.002787455289378866,
      0.009536283284736177,
      -0.003319352794409901,
      0.2446952471949367,
      1.0,
      0.003733838290402976,
      0.005680774176855468,
      0.0046928035050061425,
      0.04717580086952593,
      0.00415339411702007,
      0.018906389290673866
    ],
    [
      0.0016869252932439041,
      -0.005901079876477726,
      -4.827633189658324e-05,
      0.015418637331297051,
      0.012787107219143461,
      0.004538881761901495,
      -0.0007862921267385698,
      0.002523367454543606,
      0.006425898075313954,
      0.003733838290402976,
      1.0,
      0.010764375810847722,
      0.012366479895556242,
      0.002571759657520387,
      0.015611777406755007,
      0.012494300416437908
    ],
    [
      0.020508300666470962,
      0.012078844312216258,
      0.03009155655874767,
      0.025112507060273653,
      0.005707544080602626,
      0.007018465555544632,
      0.008086754897764574,
      0.016074325615934665,
      0.016894513804517272,
      0.005680774176855468,
      0.010764375810847722,
      1.0,
      0.7056466686461742,
      -0.016915245680785222,
      0.005763726823756264,
      -0.0008105368172335956
    ],
    [
      0.01712595658738994,
      0.019023076069748235,
      0.037709645984351586,
      0.025212126140670282,
      0.016569066278336524,
      0.0017769269399448401,
      0.004926031798176054,
      0.012018896739755291,
      0.012819207289188247,
      0.0046928035050061425,
      0.012366479895556242,
      0.7056466686461742,
      1.0,
      -0.020025148689940882,
      0.010399007661423336,
      -0.003253350447307134
    ],
    [
      0.002501178327171753,
      0.001080442126840353,
      -0.0029667054096029865,
      0.009148329084402778,
      0.0019347367743547592,
      0.014413880277748427,
      0.0013492442030433771,
      0.004148502517232878,
      0.05440292293464558,
      0.04717580086952593,
      0.002571759657520387,
      -0.016915245680785222,
      -0.020025148689940882,
      1.0,
      0.01658414379408997,
      0.01750114276073873
    ],
    [
      -0.0027629452358168137,
      0.012084717394059731,
      -0.004222954846288,
      0.008311346143535856,
      0.002314123045329729,
      -0.0012373615651287966,
      0.006908104414792939,
      0.002282554120756686,
      0.00048552027741000835,
      0.00415339411702007,
      0.015611777406755007,
      0.005763726823756264,
      0.010399007661423336,
      0.01658414379408997,
      1.0,
      0.026420346255246033
    ],
    [
      -0.003196603650091371,
      0.013596421156156188,
      -0.0003996828596832024,
      0.011227655787822893,
      -0.007020165525480277,
      0.006277707935724821,
      0.023696980688449307,
      0.00946677966405534,
      0.01270818745130479,
      0.018906389290673866,
      0.012494300416437908,
      -0.0008105368172335956,
      -0.003253350447307134,
      0.01750114276073873,
      0.026420346255246033,
      1.0
    ]
  ],
  "cross_domain_pairs": [
    {
      "tox": "NR-AR",
      "adme": "ADME_Solubility",
      "G": -0.010698458848572854
    },
    {
      "tox": "NR-AR",
      "adme": "MN_ESOL",
      "G": 0.006480598074348462
    },
    {
      "tox": "NR-AR",
      "adme": "ADME_Bioavailability",
      "G": 0.0016869252932439041
    },
    {
      "tox": "NR-AR",
      "adme": "ADME_Lipophilicity",
      "G": 0.020508300666470962
    },
    {
      "tox": "NR-AR",
      "adme": "MN_Lipophilicity_MN",
      "G": 0.01712595658738994
    },
    {
      "tox": "NR-AR",
      "adme": "MN_FreeSolv",
      "G": 0.002501178327171753
    },
    {
      "tox": "NR-AR",
      "adme": "ADME_CYP2D6_Inhibitor",
      "G": -0.0027629452358168137
    },
    {
      "tox": "NR-AR",
      "adme": "ADME_CYP2C9_Inhibitor",
      "G": -0.003196603650091371
    },
    {
      "tox": "SR-ATAD5",
      "adme": "ADME_Solubility",
      "G": 0.007956519693834707
    },
    {
      "tox": "SR-ATAD5",
      "adme": "MN_ESOL",
      "G": -0.006531527137526104
    },
    {
      "tox": "SR-ATAD5",
      "adme": "ADME_Bioavailability",
      "G": -0.005901079876477726
    },
    {
      "tox": "SR-ATAD5",
      "adme": "ADME_Lipophilicity",
      "G": 0.012078844312216258
    },
    {
      "tox": "SR-ATAD5",
      "adme": "MN_Lipophilicity_MN",
      "G": 0.019023076069748235
    },
    {
      "tox": "SR-ATAD5",
      "adme": "MN_FreeSolv",
      "G": 0.001080442126840353
    },
    {
      "tox": "SR-ATAD5",
      "adme": "ADME_CYP2D6_Inhibitor",
      "G": 0.012084717394059731
    },
    {
      "tox": "SR-ATAD5",
      "adme": "ADME_CYP2C9_Inhibitor",
      "G": 0.013596421156156188
    },
    {
      "tox": "NR-ER-LBD",
      "adme": "ADME_Solubility",
      "G": 0.013728284113393682
    },
    {
      "tox": "NR-ER-LBD",
      "adme": "MN_ESOL",
      "G": 0.03546467268218597
    },
    {
      "tox": "NR-ER-LBD",
      "adme": "ADME_Bioavailability",
      "G": -4.827633189658324e-05
    },
    {
      "tox": "NR-ER-LBD",
      "adme": "ADME_Lipophilicity",
      "G": 0.03009155655874767
    },
    {
      "tox": "NR-ER-LBD",
      "adme": "MN_Lipophilicity_MN",
      "G": 0.037709645984351586
    },
    {
      "tox": "NR-ER-LBD",
      "adme": "MN_FreeSolv",
      "G": -0.0029667054096029865
    },
    {
      "tox": "NR-ER-LBD",
      "adme": "ADME_CYP2D6_Inhibitor",
      "G": -0.004222954846288
    },
    {
      "tox": "NR-ER-LBD",
      "adme": "ADME_CYP2C9_Inhibitor",
      "G": -0.0003996828596832024
    },
    {
      "tox": "SR-p53",
      "adme": "ADME_Solubility",
      "G": 0.001137328598027428
    },
    {
      "tox": "SR-p53",
      "adme": "MN_ESOL",
      "G": 0.0237025806421621
    },
    {
      "tox": "SR-p53",
      "adme": "ADME_Bioavailability",
      "G": 0.015418637331297051
    },
    {
      "tox": "SR-p53",
      "adme": "ADME_Lipophilicity",
      "G": 0.025112507060273653
    },
    {
      "tox": "SR-p53",
      "adme": "MN_Lipophilicity_MN",
      "G": 0.025212126140670282
    },
    {
      "tox": "SR-p53",
      "adme": "MN_FreeSolv",
      "G": 0.009148329084402778
    },
    {
      "tox": "SR-p53",
      "adme": "ADME_CYP2D6_Inhibitor",
      "G": 0.008311346143535856
    },
    {
      "tox": "SR-p53",
      "adme": "ADME_CYP2C9_Inhibitor",
      "G": 0.011227655787822893
    },
    {
      "tox": "NR-AR-LBD",
      "adme": "ADME_Solubility",
      "G": 0.012838572232673566
    },
    {
      "tox": "NR-AR-LBD",
      "adme": "MN_ESOL",
      "G": 0.005092599479636798
    },
    {
      "tox": "NR-AR-LBD",
      "adme": "ADME_Bioavailability",
      "G": 0.012787107219143461
    },
    {
      "tox": "NR-AR-LBD",
      "adme": "ADME_Lipophilicity",
      "G": 0.005707544080602626
    },
    {
      "tox": "NR-AR-LBD",
      "adme": "MN_Lipophilicity_MN",
      "G": 0.016569066278336524
    },
    {
      "tox": "NR-AR-LBD",
      "adme": "MN_FreeSolv",
      "G": 0.0019347367743547592
    },
    {
      "tox": "NR-AR-LBD",
      "adme": "ADME_CYP2D6_Inhibitor",
      "G": 0.002314123045329729
    },
    {
      "tox": "NR-AR-LBD",
      "adme": "ADME_CYP2C9_Inhibitor",
      "G": -0.007020165525480277
    },
    {
      "tox": "SR-HSE",
      "adme": "ADME_Solubility",
      "G": 0.021463655698527064
    },
    {
      "tox": "SR-HSE",
      "adme": "MN_ESOL",
      "G": 0.002787455289378866
    },
    {
      "tox": "SR-HSE",
      "adme": "ADME_Bioavailability",
      "G": 0.004538881761901495
    },
    {
      "tox": "SR-HSE",
      "adme": "ADME_Lipophilicity",
      "G": 0.007018465555544632
    },
    {
      "tox": "SR-HSE",
      "adme": "MN_Lipophilicity_MN",
      "G": 0.0017769269399448401
    },
    {
      "tox": "SR-HSE",
      "adme": "MN_FreeSolv",
      "G": 0.014413880277748427
    },
    {
      "tox": "SR-HSE",
      "adme": "ADME_CYP2D6_Inhibitor",
      "G": -0.0012373615651287966
    },
    {
      "tox": "SR-HSE",
      "adme": "ADME_CYP2C9_Inhibitor",
      "G": 0.006277707935724821
    },
    {
      "tox": "NR-AhR",
      "adme": "ADME_Solubility",
      "G": 0.018743764826407036
    },
    {
      "tox": "NR-AhR",
      "adme": "MN_ESOL",
      "G": 0.009536283284736177
    },
    {
      "tox": "NR-AhR",
      "adme": "ADME_Bioavailability",
      "G": -0.0007862921267385698
    },
    {
      "tox": "NR-AhR",
      "adme": "ADME_Lipophilicity",
      "G": 0.008086754897764574
    },
    {
      "tox": "NR-AhR",
      "adme": "MN_Lipophilicity_MN",
      "G": 0.004926031798176054
    },
    {
      "tox": "NR-AhR",
      "adme": "MN_FreeSolv",
      "G": 0.0013492442030433771
    },
    {
      "tox": "NR-AhR",
      "adme": "ADME_CYP2D6_Inhibitor",
      "G": 0.006908104414792939
    },
    {
      "tox": "NR-AhR",
      "adme": "ADME_CYP2C9_Inhibitor",
      "G": 0.023696980688449307
    },
    {
      "tox": "NR-PPAR-gamma",
      "adme": "ADME_Solubility",
      "G": 0.007006411551911798
    },
    {
      "tox": "NR-PPAR-gamma",
      "adme": "MN_ESOL",
      "G": -0.003319352794409901
    },
    {
      "tox": "NR-PPAR-gamma",
      "adme": "ADME_Bioavailability",
      "G": 0.002523367454543606
    },
    {
      "tox": "NR-PPAR-gamma",
      "adme": "ADME_Lipophilicity",
      "G": 0.016074325615934665
    },
    {
      "tox": "NR-PPAR-gamma",
      "adme": "MN_Lipophilicity_MN",
      "G": 0.012018896739755291
    },
    {
      "tox": "NR-PPAR-gamma",
      "adme": "MN_FreeSolv",
      "G": 0.004148502517232878
    },
    {
      "tox": "NR-PPAR-gamma",
      "adme": "ADME_CYP2D6_Inhibitor",
      "G": 0.002282554120756686
    },
    {
      "tox": "NR-PPAR-gamma",
      "adme": "ADME_CYP2C9_Inhibitor",
      "G": 0.00946677966405534
    }
  ],
  "n_gradient_samples": 90,
  "validation": {
    "cross_domain_mean": 0.008493515124485089,
    "within_tox_mean": 0.054114114408280116,
    "within_adme_mean": 0.04385335517036
  },
  "config": {
    "data_path": "outputs/tox21_adme_augmented/tox21_adme_augmented.csv",
    "epochs": 30,
    "batch_size": 64,
    "lr": 0.001,
    "hidden_dim": 256,
    "seed": 42,
    "output_dir": "outputs/tox21_adme_results",
    "max_tox_tasks": 8,
    "max_adme_tasks": 8,
    "min_samples": 100
  }
}